-208.5721	0.5067
-208.5475	0.0603
-208.5475	0.0603
-208.5234	-0.3862
-208.4969	-0.8325
-208.4648	-1.2785
-208.4279	-1.7240
-208.3914	-2.1697
-208.3615	-2.6158
-208.3373	-3.0622
-208.3126	-3.5087
-208.2819	-3.9547
-208.2478	-4.4005
-208.2176	-4.8466
-208.1958	-5.2932
-208.1799	-5.7400
-208.1633	-6.1868
-208.1430	-6.6335
-208.1222	-7.0801
-208.1061	-7.5269
-208.0968	-7.9740
-208.0931	-8.4211
-208.0938	-8.8682
-208.0975	-9.3153
-208.1022	-9.7624
-208.1066	-10.2094
-208.1133	-10.6565
-208.1262	-11.1034
-208.1478	-11.5500
-208.1749	-11.9963
-208.2019	-12.4426
-208.2251	-12.8891
-208.2482	-13.3356
-208.2769	-13.7818
-208.3118	-14.2276
-208.3493	-14.6731
-208.3841	-15.1189
-208.4153	-15.5649
-208.4470	-16.0109
-208.4825	-16.4566
-208.5206	-16.9021
-208.5576	-17.3477
-208.5898	-17.7936
-208.6183	-18.2398
-208.6476	-18.6860
-208.6799	-19.1319
-208.7123	-19.5779
-208.7399	-20.0241
-208.7602	-20.4708
-208.7744	-20.9177
-208.7851	-21.3646
-208.7938	-21.8117
-208.7995	-22.2587
-208.8005	-22.7059
-208.7959	-23.1529
-208.7851	-23.5999
-208.7670	-24.0467
-208.7415	-24.4931
-208.7081	-24.9389
-208.6660	-25.3841
-208.6163	-25.8284
-208.5620	-26.2722
-208.5060	-26.7158
-208.4432	-27.1585
-208.3594	-27.5977
-208.2490	-28.0309
-208.1357	-28.4635
-208.0918	-28.9084
-207.9892	-29.3436
-207.7556	-29.7248
-207.4815	-30.0781
-207.2137	-30.4361
-207.0576	-30.8571
-207.2810	-31.2432
-207.4592	-31.6525
-207.2807	-32.0627
-206.9701	-32.3839
-206.6316	-32.6761
-206.2725	-32.9424
-205.8888	-33.1720
-205.4821	-33.3578
-205.0551	-33.4902
-204.6141	-33.5643
-204.1688	-33.6048
-203.7249	-33.6575
-203.2895	-33.7592
-202.8652	-33.9003
-202.4394	-34.0367
-202.0073	-34.1515
-201.5716	-34.2520
-201.1344	-34.3456
-200.6961	-34.4340
-200.2564	-34.5150
-199.8151	-34.5872
-199.3725	-34.6502
-198.9287	-34.7046
-198.4841	-34.7515
-198.0388	-34.7921
-197.5932	-34.8291
-197.1474	-34.8637
-196.7015	-34.8960
-196.2553	-34.9249
-195.8089	-34.9496
-195.3622	-34.9697
-194.9154	-34.9847
-194.4684	-34.9952
-194.0214	-35.0047
-193.5744	-35.0174
-193.1276	-35.0330
-192.6807	-35.0464
-192.2336	-35.0525
-191.7865	-35.0512
-191.3394	-35.0490
-190.8923	-35.0518
-190.4452	-35.0589
-189.9981	-35.0632
-189.5510	-35.0592
-189.1040	-35.0489
-188.6570	-35.0384
-188.2100	-35.0332
-187.7629	-35.0307
-187.3158	-35.0248
-186.8688	-35.0122
-186.4220	-34.9959
-185.9752	-34.9799
-185.5283	-34.9664
-185.0814	-34.9535
-184.6345	-34.9376
-184.1878	-34.9183
-183.7412	-34.8969
-183.2947	-34.8750
-182.8481	-34.8536
-182.4015	-34.8323
-181.9549	-34.8108
-181.5083	-34.7883
-181.0619	-34.7641
-180.6155	-34.7376
-180.1693	-34.7099
-179.7230	-34.6833
-179.2765	-34.6587
-178.8301	-34.6339
-178.3838	-34.6066
-177.9378	-34.5760
-177.4917	-34.5449
-177.0455	-34.5167
-176.5991	-34.4911
-176.1528	-34.4648
-175.7066	-34.4352
-175.2607	-34.4028
-174.8147	-34.3716
-174.3684	-34.3441
-173.9220	-34.3186
-173.4757	-34.2918
-173.0296	-34.2620
-172.5836	-34.2310
-172.1374	-34.2024
-171.6910	-34.1767
-171.2445	-34.1522
-170.7982	-34.1266
-170.3519	-34.0993
-169.9056	-34.0724
-169.4592	-34.0474
-169.0127	-34.0240
-168.5661	-34.0015
-168.1196	-33.9793
-167.6730	-33.9568
-167.2265	-33.9343
-166.7799	-33.9119
-166.3333	-33.8905
-165.8866	-33.8712
-165.4398	-33.8538
-164.9931	-33.8365
-164.5464	-33.8173
-164.0997	-33.7971
-163.6530	-33.7785
-163.2061	-33.7633
-162.7592	-33.7501
-162.3124	-33.7351
-161.8656	-33.7172
-161.4189	-33.6987
-160.9720	-33.6835
-160.5250	-33.6725
-160.0780	-33.6620
-159.6311	-33.6480
-159.1844	-33.6309
-158.7375	-33.6148
-158.2906	-33.6034
-157.8435	-33.5958
-157.3965	-33.5863
-156.9496	-33.5718
-156.5028	-33.5556
-156.0559	-33.5426
-155.6088	-33.5348
-155.1618	-33.5287
-154.7148	-33.5187
-154.2679	-33.5038
-153.8210	-33.4890
-153.3740	-33.4788
-152.9270	-33.4735
-152.4799	-33.4673
-152.0329	-33.4555
-151.5861	-33.4403
-151.1392	-33.4270
-150.6921	-33.4196
-150.2450	-33.4150
-149.7980	-33.4067
-149.3511	-33.3930
-148.9042	-33.3776
-148.4573	-33.3664
-148.0102	-33.3603
-147.5631	-33.3544
-147.1161	-33.3433
-146.6693	-33.3276
-146.2224	-33.3127
-145.7754	-33.3026
-145.3284	-33.2965
-144.8813	-33.2879
-144.4344	-33.2736
-143.9877	-33.2568
-143.5408	-33.2426
-143.0937	-33.2337
-142.6467	-33.2262
-142.1997	-33.2146
-141.7529	-33.1980
-141.3061	-33.1810
-140.8592	-33.1682
-140.4122	-33.1598
-139.9652	-33.1505
-139.5183	-33.1359
-139.0715	-33.1182
-138.6247	-33.1020
-138.1777	-33.0909
-137.7307	-33.0824
-137.2837	-33.0704
-136.8369	-33.0540
-136.3902	-33.0359
-135.9433	-33.0215
-135.4963	-33.0115
-135.0493	-33.0020
-134.6024	-32.9880
-134.1556	-32.9701
-133.7088	-32.9530
-133.2619	-32.9403
-132.8149	-32.9313
-132.3679	-32.9202
-131.9211	-32.9042
-131.4743	-32.8860
-131.0275	-32.8704
-130.5805	-32.8598
-130.1335	-32.8505
-129.6866	-32.8375
-129.2398	-32.8199
-128.7930	-32.8022
-128.3461	-32.7886
-127.8991	-32.7792
-127.4521	-32.7689
-127.0053	-32.7535
-126.5585	-32.7354
-126.1117	-32.7188
-125.6648	-32.7071
-125.2177	-32.6979
-124.7708	-32.6854
-124.3240	-32.6684
-123.8773	-32.6502
-123.4304	-32.6353
-122.9834	-32.6248
-122.5364	-32.6145
-122.0896	-32.5998
-121.6428	-32.5817
-121.1960	-32.5642
-120.7491	-32.5509
-120.3021	-32.5407
-119.8552	-32.5283
-119.4084	-32.5116
-118.9617	-32.4928
-118.5149	-32.4762
-118.0679	-32.4641
-117.6209	-32.4529
-117.1741	-32.4382
-116.7273	-32.4197
-116.2806	-32.4010
-115.8338	-32.3855
-115.3868	-32.3736
-114.9399	-32.3605
-114.4931	-32.3432
-114.0464	-32.3237
-113.5997	-32.3053
-113.1528	-32.2907
-112.7059	-32.2777
-112.2591	-32.2620
-111.8124	-32.2427
-111.3657	-32.2226
-110.9189	-32.2051
-110.4720	-32.1909
-110.0252	-32.1763
-109.5784	-32.1584
-109.1318	-32.1383
-108.6851	-32.1190
-108.2382	-32.1032
-107.7913	-32.0895
-107.3445	-32.0739
-106.8978	-32.0548
-106.4511	-32.0348
-106.0044	-32.0169
-105.5575	-32.0028
-105.1106	-31.9893
-104.6638	-31.9724
-104.2171	-31.9527
-103.7704	-31.9332
-103.3236	-31.9169
-102.8767	-31.9035
-102.4298	-31.8887
-101.9830	-31.8705
-101.5364	-31.8503
-101.0897	-31.8315
-100.6428	-31.8162
-100.1959	-31.8027
-99.7491	-31.7866
-99.3024	-31.7673
-98.8557	-31.7474
-98.4090	-31.7299
-97.9621	-31.7156
-97.5152	-31.7012
-97.0684	-31.6835
-96.6218	-31.6632
-96.1751	-31.6432
-95.7283	-31.6263
-95.2814	-31.6121
-94.8346	-31.5964
-94.3879	-31.5774
-93.9412	-31.5578
-93.4944	-31.5410
-93.0474	-31.5298
-92.6004	-31.5202
-92.1535	-31.5077
-91.7066	-31.4923
-91.2597	-31.4785
-90.8127	-31.4713
-90.3656	-31.4700
-89.9184	-31.4689
-89.4714	-31.4631
-89.0243	-31.4551
-88.5772	-31.4510
-88.1301	-31.4537
-87.6831	-31.4595
-87.2360	-31.4621
-86.7888	-31.4593
-86.3417	-31.4565
-85.8946	-31.4590
-85.4476	-31.4668
-85.0005	-31.4742
-84.5534	-31.4764
-84.1063	-31.4747
-83.6592	-31.4753
-83.2121	-31.4816
-82.7651	-31.4901
-82.3180	-31.4955
-81.8709	-31.4945
-81.4238	-31.4921
-80.9767	-31.4940
-80.5296	-31.5004
-80.0826	-31.5061
-79.6354	-31.5054
-79.1884	-31.4995
-78.7413	-31.4937
-78.2942	-31.4932
-77.8471	-31.4954
-77.4000	-31.4938
-76.9529	-31.4851
-76.5060	-31.4726
-76.0590	-31.4620
-75.6119	-31.4554
-75.1649	-31.4490
-74.7179	-31.4377
-74.2711	-31.4205
-73.8244	-31.4008
-73.3778	-31.3807
-72.9311	-31.3617
-72.4844	-31.3421
-72.0378	-31.3203
-71.5914	-31.2952
-71.1453	-31.2654
-70.6995	-31.2304
-70.2540	-31.1929
-69.8084	-31.1565
-69.3626	-31.1218
-68.9171	-31.0844
-68.4722	-31.0397
-68.0281	-30.9876
-67.5844	-30.9323
-67.1406	-30.8782
-66.6967	-30.8252
-66.2530	-30.7698
-65.8099	-30.7096
-65.3677	-30.6436
-64.9265	-30.5715
-64.4862	-30.4937
-64.0465	-30.4124
-63.6069	-30.3308
-63.1672	-30.2497
-62.7281	-30.1654
-62.2904	-30.0743
-61.8542	-29.9759
-61.4194	-29.8717
-60.9857	-29.7633
-60.5525	-29.6523
-60.1200	-29.5390
-59.6880	-29.4236
-59.2571	-29.3043
-58.8281	-29.1785
-58.4016	-29.0444
-57.9771	-28.9039
-57.5541	-28.7591
-57.1319	-28.6119
-56.7107	-28.4618
-56.2907	-28.3087
-55.8722	-28.1512
-55.4562	-27.9872
-55.0434	-27.8154
-54.6338	-27.6361
-54.2268	-27.4512
-53.8214	-27.2626
-53.4176	-27.0707
-53.0151	-26.8760
-52.6143	-26.6778
-52.2161	-26.4744
-51.8218	-26.2636
-51.4319	-26.0447
-51.0461	-25.8187
-50.6639	-25.5867
-50.2847	-25.3499
-49.9077	-25.1095
-49.5323	-24.8666
-49.1594	-24.6199
-48.7903	-24.3675
-48.4264	-24.1078
-48.0680	-23.8404
-47.7154	-23.5656
-47.3680	-23.2841
-47.0248	-22.9975
-46.6837	-22.7085
-46.3441	-22.4176
-46.0073	-22.1235
-45.6750	-21.8244
-45.3477	-21.5198
-45.0258	-21.2095
-44.7093	-20.8937
-44.3971	-20.5736
-44.0868	-20.2517
-43.7766	-19.9297
-43.4674	-19.6067
-43.1620	-19.2802
-42.8617	-18.9489
-42.5661	-18.6134
-42.2746	-18.2745
-41.9864	-17.9327
-41.6999	-17.5894
-41.4132	-17.2463
-41.1270	-16.9028
-40.8441	-16.5565
-40.5673	-16.2054
-40.2959	-15.8501
-40.0270	-15.4928
-39.7573	-15.1362
-39.4873	-14.7798
-39.2194	-14.4219
-38.9554	-14.0610
-38.6948	-13.6978
-38.4363	-13.3329
-38.1789	-12.9673
-37.9220	-12.6013
-37.6654	-12.2353
-37.4077	-11.8698
-37.1464	-11.5071
-36.8788	-11.1488
-36.6042	-10.7960
-36.3253	-10.4465
-36.0460	-10.0974
-35.7695	-9.7460
-35.4979	-9.3908
-35.2329	-9.0307
-34.9771	-8.6640
-34.7343	-8.2886
-34.5079	-7.9030
-34.2989	-7.5078
-34.1066	-7.1041
-33.9301	-6.6933
-33.7698	-6.2759
-33.6257	-5.8527
-33.4969	-5.4245
-33.3823	-4.9923
-33.2804	-4.5570
-33.1912	-4.1189
-33.1139	-3.6785
-33.0484	-3.2362
-32.9942	-2.7924
-32.9511	-2.3473
-32.9188	-1.9014
-32.8966	-1.4548
-32.8837	-1.0079
-32.8802	-0.5608
-32.8863	-0.1137
-32.9019	0.3331
-32.9267	0.7795
-32.9602	1.2254
-33.0022	1.6705
-33.0514	2.1149
-33.1071	2.5585
-33.1685	3.0014
-33.2356	3.4435
-33.3086	3.8846
-33.3879	4.3246
-33.4741	4.7633
-33.5677	5.2005
-33.6685	5.6361
-33.7768	6.0699
-33.8923	6.5019
-34.0132	6.9324
-34.1376	7.3618
-34.2645	7.7905
-34.3951	8.2181
-34.5307	8.6442
-34.6720	9.0684
-34.8196	9.4904
-34.9744	9.9099
-35.1351	10.3271
-35.3006	10.7425
-35.4695	11.1565
-35.6414	11.5692
-35.8163	11.9807
-35.9948	12.3906
-36.1790	12.7981
-36.3699	13.2024
-36.5683	13.6031
-36.7730	14.0005
-36.9825	14.3955
-37.1960	14.7884
-37.4124	15.1796
-37.6316	15.5693
-37.8549	15.9567
-38.0839	16.3407
-38.3201	16.7204
-38.5633	17.0955
-38.8134	17.4661
-39.0695	17.8326
-39.3302	18.1959
-39.5941	18.5569
-39.8604	18.9160
-40.1291	19.2734
-40.4007	19.6285
-40.6762	19.9807
-40.9569	20.3287
-41.2436	20.6718
-41.5339	21.0118
-41.8236	21.3524
-42.1105	21.6953
-42.3966	22.0389
-42.6867	22.3791
-42.9821	22.7148
-43.2805	23.0478
-43.5785	23.3811
-43.8749	23.7158
-44.1719	24.0501
-44.4723	24.3812
-44.7771	24.7083
-45.0867	25.0309
-45.4011	25.3488
-45.7198	25.6624
-46.0411	25.9733
-46.3639	26.2827
-46.6892	26.5894
-47.0190	26.8913
-47.3549	27.1865
-47.6968	27.4746
-48.0448	27.7553
-48.3987	28.0285
-48.7578	28.2949
-49.1213	28.5552
-49.4887	28.8101
-49.8591	29.0604
-50.2326	29.3062
-50.6095	29.5469
-50.9906	29.7807
-51.3764	30.0066
-51.7669	30.2244
-52.1618	30.4341
-52.5607	30.6361
-52.9626	30.8318
-53.3669	31.0229
-53.7727	31.2105
-54.1805	31.3940
-54.5903	31.5726
-55.0029	31.7450
-55.4186	31.9095
-55.8378	32.0652
-56.2599	32.2126
-56.6841	32.3537
-57.1100	32.4900
-57.5369	32.6227
-57.9650	32.7519
-58.3943	32.8769
-58.8253	32.9958
-59.2586	33.1060
-59.6940	33.2078
-60.1308	33.3031
-60.5686	33.3939
-61.0071	33.4815
-61.4459	33.5671
-61.8851	33.6506
-62.3252	33.7296
-62.7666	33.8008
-63.2093	33.8634
-63.6527	33.9213
-64.0960	33.9797
-64.5389	34.0404
-64.9821	34.0995
-65.4261	34.1528
-65.8707	34.1995
-66.3158	34.2422
-66.7611	34.2827
-67.2064	34.3227
-67.6517	34.3628
-68.0970	34.4034
-68.5424	34.4422
-68.9882	34.4771
-69.4343	34.5066
-69.8805	34.5343
-70.3266	34.5648
-70.7725	34.5982
-71.2185	34.6296
-71.6650	34.6530
-72.1118	34.6685
-72.5587	34.6824
-73.0054	34.7012
-73.4520	34.7229
-73.8988	34.7401
-74.3459	34.7482
-74.7930	34.7499
-75.2401	34.7528
-75.6871	34.7609
-76.1341	34.7708
-76.5812	34.7757
-77.0283	34.7737
-77.4754	34.7693
-77.9225	34.7668
-78.3696	34.7683
-78.8167	34.7691
-79.2638	34.7657
-79.7109	34.7585
-80.1579	34.7503
-80.6050	34.7433
-81.0521	34.7376
-81.4991	34.7310
-81.9462	34.7222
-82.3931	34.7120
-82.8401	34.7007
-83.2871	34.6888
-83.7340	34.6771
-84.1810	34.6659
-84.6280	34.6546
-85.0749	34.6423
-85.5218	34.6279
-85.9686	34.6121
-86.4155	34.5967
-86.8624	34.5832
-87.3093	34.5705
-87.7562	34.5562
-88.2030	34.5388
-88.6497	34.5199
-89.0965	34.5030
-89.5434	34.4890
-89.9903	34.4749
-90.4371	34.4583
-90.8837	34.4381
-91.3304	34.4182
-91.7772	34.4013
-92.2241	34.3868
-92.6709	34.3713
-93.1176	34.3522
-93.5642	34.3306
-94.0109	34.3109
-94.4577	34.2946
-94.9046	34.2799
-95.3514	34.2629
-95.7980	34.2423
-96.2446	34.2207
-96.6913	34.2024
-97.1382	34.1871
-97.5851	34.1719
-98.0318	34.1536
-98.4784	34.1328
-98.9251	34.1130
-99.3719	34.0965
-99.8188	34.0819
-100.2656	34.0663
-100.7124	34.0480
-101.1590	34.0284
-101.6058	34.0109
-102.0527	33.9963
-102.4996	33.9824
-102.9464	33.9672
-103.3932	33.9502
-103.8400	33.9333
-104.2869	33.9186
-104.7338	33.9054
-105.1807	33.8926
-105.6277	33.8790
-106.0745	33.8649
-106.5214	33.8514
-106.9684	33.8389
-107.4153	33.8272
-107.8623	33.8165
-108.3093	33.8065
-108.7563	33.7964
-109.2033	33.7857
-109.6503	33.7747
-110.0973	33.7643
-110.5443	33.7552
-110.9913	33.7470
-111.4384	33.7379
-111.8854	33.7275
-112.3323	33.7165
-112.7793	33.7059
-113.2263	33.6964
-113.6734	33.6871
-114.1204	33.6768
-114.5673	33.6657
-115.0143	33.6543
-115.4613	33.6435
-115.9083	33.6336
-116.3553	33.6232
-116.8022	33.6122
-117.2492	33.6006
-117.6962	33.5893
-118.1432	33.5791
-118.5902	33.5689
-119.0372	33.5584
-119.4841	33.5470
-119.9311	33.5355
-120.3781	33.5246
-120.8251	33.5146
-121.2721	33.5045
-121.7191	33.4936
-122.1660	33.4821
-122.6130	33.4708
-123.0600	33.4607
-123.5070	33.4511
-123.9540	33.4409
-124.4010	33.4298
-124.8479	33.4183
-125.2949	33.4076
-125.7419	33.3982
-126.1890	33.3888
-126.6360	33.3785
-127.0829	33.3671
-127.5299	33.3560
-127.9769	33.3462
-128.4239	33.3374
-128.8709	33.3282
-129.3179	33.3176
-129.7649	33.3064
-130.2119	33.2958
-130.6589	33.2870
-131.1060	33.2786
-131.5530	33.2690
-131.9999	33.2581
-132.4469	33.2471
-132.8939	33.2374
-133.3410	33.2291
-133.7880	33.2208
-134.2350	33.2108
-134.6820	33.1997
-135.1290	33.1891
-135.5760	33.1801
-136.0230	33.1723
-136.4701	33.1632
-136.9170	33.1526
-137.3640	33.1415
-137.8110	33.1314
-138.2581	33.1230
-138.7051	33.1150
-139.1521	33.1053
-139.5991	33.0942
-140.0461	33.0834
-140.4931	33.0742
-140.9401	33.0664
-141.3872	33.0577
-141.8341	33.0474
-142.2811	33.0362
-142.7281	33.0260
-143.1752	33.0177
-143.6222	33.0100
-144.0692	33.0008
-144.5162	32.9899
-144.9632	32.9791
-145.4102	32.9701
-145.8573	32.9629
-146.3043	32.9553
-146.7513	32.9457
-147.1983	32.9348
-147.6453	32.9249
-148.0924	32.9174
-148.5394	32.9113
-148.9865	32.9036
-149.4335	32.8936
-149.8805	32.8831
-150.3275	32.8743
-150.7746	32.8683
-151.2216	32.8623
-151.6687	32.8541
-152.1157	32.8437
-152.5627	32.8337
-153.0097	32.8264
-153.4568	32.8209
-153.9039	32.8143
-154.3509	32.8050
-154.7979	32.7942
-155.2449	32.7841
-155.6919	32.7761
-156.1390	32.7688
-156.5860	32.7597
-157.0330	32.7486
-157.4799	32.7367
-157.9269	32.7254
-158.3739	32.7149
-158.8209	32.7043
-159.2678	32.6926
-159.7148	32.6800
-160.1617	32.6670
-160.6086	32.6540
-161.0555	32.6411
-161.5025	32.6281
-161.9494	32.6149
-162.3963	32.6014
-162.8432	32.5880
-163.2901	32.5745
-163.7370	32.5614
-164.1839	32.5482
-164.6309	32.5354
-165.0778	32.5239
-165.5248	32.5141
-165.9719	32.5053
-166.4189	32.4953
-166.8658	32.4842
-167.3128	32.4735
-167.7599	32.4655
-168.2070	32.4610
-168.6541	32.4568
-169.1011	32.4494
-169.5481	32.4402
-169.9952	32.4326
-170.4423	32.4298
-170.8894	32.4307
-171.3365	32.4295
-171.7836	32.4238
-172.2306	32.4168
-172.6777	32.4140
-173.1248	32.4174
-173.5719	32.4227
-174.0190	32.4234
-174.4661	32.4192
-174.9132	32.4160
-175.3603	32.4192
-175.8074	32.4288
-176.2544	32.4370
-176.7015	32.4389
-177.1486	32.4370
-177.5957	32.4387
-178.0427	32.4485
-178.4896	32.4624
-178.9366	32.4723
-179.3837	32.4750
-179.8308	32.4763
-180.2779	32.4838
-180.7247	32.4991
-181.1716	32.5156
-181.6186	32.5254
-182.0657	32.5290
-182.5127	32.5340
-182.9597	32.5470
-183.4064	32.5660
-183.8532	32.5823
-184.3002	32.5909
-184.7473	32.5948
-185.1944	32.6024
-185.6412	32.6176
-186.0880	32.6357
-186.5349	32.6484
-186.9820	32.6528
-187.4291	32.6551
-187.8762	32.6624
-188.3231	32.6756
-188.7700	32.6877
-189.2171	32.6920
-189.6642	32.6889
-190.1113	32.6840
-190.5584	32.6826
-191.0055	32.6840
-191.4526	32.6834
-191.8997	32.6773
-192.3467	32.6659
-192.7935	32.6502
-193.2402	32.6317
-193.6869	32.6118
-194.1336	32.5921
-194.5802	32.5717
-195.0267	32.5472
-195.4726	32.5146
-195.9179	32.4738
-196.3627	32.4286
-196.8075	32.3831
-197.2523	32.3381
-197.6968	32.2900
-198.1406	32.2354
-198.5834	32.1735
-199.0251	32.1039
-199.4655	32.0269
-199.9047	31.9430
-200.3428	31.8537
-200.7799	31.7596
-201.2158	31.6603
-201.6501	31.5540
-202.0826	31.4405
-202.5136	31.3216
-202.9435	31.1986
-203.3709	31.0675
-203.7916	30.9161
-204.1994	30.7327
-204.6037	30.5417
-205.0248	30.3912
-205.4578	30.2820
-205.9001	30.1906
-206.1185	29.8126
-206.0110	29.3774
-206.0571	28.9328
-206.2144	28.5144
-206.4598	28.1406
-206.7539	27.8038
-207.0746	27.4923
-207.4073	27.1936
-207.7419	26.8971
-208.0690	26.5922
-208.3769	26.2680
-208.6478	25.9123
-208.8541	25.5156
-208.9594	25.0811
-208.9680	24.6341
-208.9503	24.1873
-208.9728	23.7408
-209.0216	23.2963
-209.0621	22.8511
-209.0854	22.4045
-209.0990	21.9576
-209.1096	21.5107
-209.1167	21.0636
-209.1182	20.6165
-209.1123	20.1694
-209.1020	19.7224
-209.0925	19.2754
-209.0863	18.8283
-209.0798	18.3813
-209.0669	17.9343
-209.0462	17.4877
-209.0228	17.0412
-209.0037	16.5945
-208.9910	16.1476
-208.9796	15.7006
-208.9633	15.2538
-208.9414	14.8072
-208.9207	14.3606
-208.9069	13.9137
-208.9002	13.4666
-208.8938	13.0195
-208.8816	12.5726
-208.8652	12.1258
-208.8516	11.6789
-208.8463	11.2318
-208.8458	10.7847
-208.8430	10.3376
-208.8330	9.8906
-208.8200	9.4437
-208.8118	8.9966
-208.8108	8.5495
-208.8120	8.1024
-208.8080	7.6553
-208.7970	7.2083
-208.7849	6.7614
-208.7788	6.3143
-208.7779	5.8672
-208.7754	5.4201
-208.7650	4.9731
-208.7481	4.5263
-208.7325	4.0795
-208.7224	3.6325
-208.7148	3.1854
-208.7024	2.7385
-208.6811	2.2919
-208.6539	1.8456
-208.6253	1.3994
-208.5979	0.9531
