1.5514	0.1748
1.5496	-0.3292
1.5473	-0.8338
1.5448	-1.3391
1.5422	-1.8447
1.5398	-2.3507
1.5378	-2.8567
1.5362	-3.3628
1.5352	-3.8688
1.5348	-4.3745
1.5350	-4.8798
1.5359	-5.3846
1.5373	-5.8888
1.5390	-6.3925
1.5411	-6.8954
1.5433	-7.3977
1.5455	-7.8992
1.5475	-8.4000
1.5493	-8.9002
1.5507	-9.3997
1.5516	-9.8986
1.5522	-10.3970
1.5522	-10.8950
1.5519	-11.3926
1.5512	-11.8899
1.5502	-12.3871
1.5490	-12.8842
1.5478	-13.3813
1.5465	-13.8785
1.5454	-14.3759
1.5446	-14.8736
1.5440	-15.3715
1.5437	-15.8699
1.5437	-16.3686
1.5441	-16.8678
1.5448	-17.3675
1.5457	-17.8676
1.5468	-18.3682
1.5480	-18.8693
1.5493	-19.3708
1.5505	-19.8726
1.5516	-20.3748
1.5526	-20.8773
1.5533	-21.3800
1.5538	-21.8829
1.5540	-22.3859
1.5540	-22.8890
1.5537	-23.3920
1.5533	-23.8950
1.5528	-24.3978
1.5522	-24.9005
1.5516	-25.4030
1.5510	-25.9052
1.5505	-26.4072
1.5502	-26.9089
1.5500	-27.4102
1.5500	-27.9113
1.5502	-28.4120
1.5506	-28.9125
1.5512	-29.4126
1.5519	-29.9125
1.5526	-30.4122
1.5535	-30.9117
1.5543	-31.4111
1.5551	-31.9103
1.5557	-32.4095
1.5563	-32.9087
1.5568	-33.4078
1.5571	-33.9070
1.5572	-34.4063
1.5572	-34.9057
1.5571	-35.4052
1.5569	-35.9049
1.5566	-36.4047
1.5563	-36.9048
1.5560	-37.4050
1.5557	-37.9054
1.5555	-38.4060
1.5554	-38.9068
1.5555	-39.4078
1.5556	-39.9089
1.5559	-40.4102
1.5563	-40.9115
1.5567	-41.4130
1.5573	-41.9145
1.5579	-42.4160
1.5585	-42.9176
1.5591	-43.4191
1.5597	-43.9206
1.5602	-44.4221
1.5606	-44.9235
1.5609	-45.4248
1.5611	-45.9260
1.5612	-46.4272
1.5612	-46.9282
1.5611	-47.4291
1.5609	-47.9299
1.5607	-48.4306
1.5605	-48.9312
1.5604	-49.4318
1.5602	-49.9322
1.5602	-50.4327
1.5602	-50.9330
1.5603	-51.4334
1.5605	-51.9337
1.5608	-52.4341
1.5612	-52.9344
1.5617	-53.4348
1.5622	-53.9351
1.5628	-54.4356
1.5634	-54.9360
1.5640	-55.4365
1.5645	-55.9371
1.5649	-56.4376
1.5653	-56.9383
1.5655	-57.4389
1.5657	-57.9396
1.5657	-58.4403
1.5657	-58.9409
1.5655	-59.4416
1.5653	-59.9423
1.5651	-60.4430
1.5649	-60.9436
1.5647	-61.4442
1.5645	-61.9448
1.5644	-62.4454
1.5645	-62.9459
1.5646	-63.4463
1.5649	-63.9468
1.5653	-64.4472
1.5657	-64.9476
1.5663	-65.4480
1.5670	-65.9484
1.5677	-66.4488
1.5684	-66.9492
1.5690	-67.4497
1.5696	-67.9502
1.5701	-68.4508
1.5705	-68.9515
1.5707	-69.4522
1.5708	-69.9531
1.5708	-70.4540
1.5706	-70.9550
1.5702	-71.4562
1.5699	-71.9574
1.5694	-72.4587
1.5690	-72.9601
1.5686	-73.4615
1.5683	-73.9630
1.5681	-74.4645
1.5681	-74.9660
1.5683	-75.4675
1.5687	-75.9689
1.5692	-76.4703
1.5699	-76.9716
1.5708	-77.4727
1.5717	-77.9738
1.5727	-78.4746
1.5737	-78.9753
1.5746	-79.4759
1.5755	-79.9762
1.5761	-80.4764
1.5765	-80.9763
1.5767	-81.4761
1.5766	-81.9757
1.5763	-82.4752
1.5758	-82.9745
1.5751	-83.4738
1.5743	-83.9729
1.5734	-84.4721
1.5725	-84.9712
1.5718	-85.4704
1.5712	-85.9697
1.5708	-86.4691
1.5707	-86.9687
1.5710	-87.4685
1.5716	-87.9685
1.5725	-88.4688
1.5737	-88.9694
1.5751	-89.4703
1.5767	-89.9715
1.5783	-90.4731
1.5799	-90.9750
1.5813	-91.4772
1.5825	-91.9797
1.5834	-92.4825
1.5838	-92.9855
1.5839	-93.4886
1.5835	-93.9919
1.5829	-94.4952
1.5821	-94.9985
1.5814	-95.5017
1.5810	-96.0048
1.5813	-96.5076
1.5826	-97.0101
1.5853	-97.5122
1.5900	-98.0138
1.5972	-98.5148
1.6074	-99.0153
1.6212	-99.5150
1.6392	-100.0140
1.6618	-100.5122
1.6895	-101.0096
1.7230	-101.5061
1.7625	-102.0018
1.8085	-102.4965
1.8613	-102.9903
1.9211	-103.4832
1.9881	-103.9752
2.0626	-104.4662
2.1445	-104.9564
2.2338	-105.4456
2.3306	-105.9339
2.4347	-106.4213
2.5461	-106.9078
2.6647	-107.3933
2.7902	-107.8779
2.9226	-108.3614
3.0618	-108.8439
3.2075	-109.3251
3.3597	-109.8051
3.5183	-110.2836
3.6832	-110.7605
3.8543	-111.2357
4.0318	-111.7090
4.2155	-112.1800
4.4056	-112.6486
4.6022	-113.1144
4.8053	-113.5772
5.0151	-114.0367
5.2317	-114.4925
5.4553	-114.9442
5.6861	-115.3916
5.9243	-115.8342
6.1700	-116.2717
6.4234	-116.7038
6.6847	-117.1301
6.9540	-117.5503
7.2314	-117.9640
7.5170	-118.3711
7.8110	-118.7713
8.1133	-119.1644
8.4239	-119.5502
8.7429	-119.9286
9.0701	-120.2996
9.4055	-120.6633
9.7489	-121.0195
10.1002	-121.3686
10.4590	-121.7106
10.8252	-122.0459
11.1984	-122.3747
11.5782	-122.6974
11.9642	-123.0145
12.3558	-123.3265
12.7526	-123.6339
13.1540	-123.9373
13.5593	-124.2374
13.9677	-124.5349
14.3785	-124.8305
14.7909	-125.1249
15.2041	-125.4188
15.6172	-125.7132
16.0292	-126.0087
16.4392	-126.3061
16.8465	-126.6062
17.2500	-126.9097
17.6489	-127.2173
18.0424	-127.5298
18.4297	-127.8477
18.8101	-128.1715
19.1831	-128.5020
19.5479	-128.8395
19.9042	-129.1844
20.2514	-129.5371
20.5894	-129.8979
20.9177	-130.2669
21.2362	-130.6444
21.5447	-131.0303
21.8430	-131.4248
22.1310	-131.8276
22.4085	-132.2388
22.6755	-132.6581
22.9318	-133.0853
23.1772	-133.5201
23.4115	-133.9622
23.6346	-134.4112
23.8461	-134.8666
24.0460	-135.3282
24.2338	-135.7953
24.4096	-136.2677
24.5730	-136.7447
24.7239	-137.2260
24.8622	-137.7110
24.9881	-138.1993
25.1015	-138.6904
25.2027	-139.1840
25.2920	-139.6796
25.3698	-140.1769
25.4367	-140.6756
25.4934	-141.1752
25.5405	-141.6755
25.5789	-142.1763
25.6095	-142.6774
25.6333	-143.1786
25.6510	-143.6797
25.6638	-144.1807
25.6725	-144.6814
25.6779	-145.1818
25.6809	-145.6818
25.6822	-146.1815
25.6824	-146.6809
25.6820	-147.1799
25.6814	-147.6787
25.6810	-148.1773
25.6809	-148.6757
25.6812	-149.1740
25.6820	-149.6722
25.6833	-150.1705
25.6850	-150.6689
25.6870	-151.1675
25.6891	-151.6662
25.6913	-152.1652
25.6934	-152.6645
25.6953	-153.1641
25.6969	-153.6641
25.6982	-154.1643
25.6991	-154.6649
25.6996	-155.1659
25.6999	-155.6671
25.6999	-156.1686
25.6997	-156.6704
25.6994	-157.1724
25.6992	-157.6745
25.6990	-158.1768
25.6989	-158.6791
25.6991	-159.1815
25.6995	-159.6839
25.7002	-160.1862
25.7011	-160.6884
25.7023	-161.1906
25.7037	-161.6925
25.7053	-162.1943
25.7069	-162.6959
25.7087	-163.1973
25.7103	-163.6984
25.7119	-164.1994
25.7134	-164.7001
25.7147	-165.2007
25.7158	-165.7010
25.7167	-166.2012
25.7173	-166.7012
25.7178	-167.2011
25.7182	-167.7009
25.7184	-168.2006
25.7185	-168.7003
25.7187	-169.1999
25.7189	-169.6996
25.7191	-170.1993
25.7195	-170.6990
25.7200	-171.1988
25.7206	-171.6987
25.7215	-172.1987
25.7225	-172.6988
25.7236	-173.1990
25.7249	-173.6993
25.7262	-174.1997
25.7276	-174.7002
25.7290	-175.2009
25.7303	-175.7016
25.7316	-176.2025
25.7328	-176.7034
25.7339	-177.2044
25.7348	-177.7054
25.7356	-178.2065
25.7363	-178.7076
25.7368	-179.2087
25.7373	-179.7098
25.7376	-180.2109
25.7380	-180.7120
25.7384	-181.2131
25.7388	-181.7142
25.7392	-182.2152
25.7398	-182.7162
25.7405	-183.2172
25.7413	-183.7181
25.7422	-184.2191
25.7432	-184.7200
25.7443	-185.2208
25.7455	-185.7217
25.7468	-186.2225
25.7480	-186.7233
25.7492	-187.2242
25.7504	-187.7250
25.7515	-188.2258
25.7525	-188.7265
25.7535	-189.2273
25.7543	-189.7281
25.7550	-190.2288
25.7556	-190.7295
25.7561	-191.2302
25.7566	-191.7309
25.7570	-192.2315
25.7575	-192.7321
25.7580	-193.2326
25.7586	-193.7331
25.7592	-194.2335
25.7599	-194.7339
25.7608	-195.2342
25.7617	-195.7344
25.7627	-196.2346
25.7638	-196.7348
25.7650	-197.2348
25.7662	-197.7349
25.7673	-198.2349
25.7685	-198.7350
25.7696	-199.2350
25.7706	-199.7351
25.7715	-200.2352
25.7723	-200.7353
25.7730	-201.2355
25.7736	-201.7358
25.7742	-202.2362
25.7747	-202.7368
25.7752	-203.2374
25.7757	-203.7382
25.7763	-204.2392
25.7769	-204.7403
25.7776	-205.2415
25.7784	-205.7429
25.7793	-206.2444
25.7803	-206.7460
25.7814	-207.2478
25.7825	-207.7496
25.7837	-208.2515
25.7849	-208.7534
25.7860	-209.2554
25.7871	-209.7573
25.7881	-210.2591
25.7890	-210.7609
25.7897	-211.2625
25.7904	-211.7640
25.7909	-212.2653
25.7914	-212.7664
25.7918	-213.2673
25.7923	-213.7679
25.7927	-214.2683
25.7932	-214.7685
25.7939	-215.2684
25.7946	-215.7680
25.7955	-216.2674
25.7966	-216.7666
25.7977	-217.2656
25.7990	-217.7645
25.8004	-218.2632
25.8018	-218.7619
25.8031	-219.2606
25.8044	-219.7593
25.8056	-220.2581
25.8066	-220.7570
25.8074	-221.2560
25.8080	-221.7553
25.8084	-222.2549
25.8086	-222.7548
25.8087	-223.2550
25.8088	-223.7556
25.8088	-224.2566
25.8089	-224.7580
25.8092	-225.2597
25.8096	-225.7619
25.8104	-226.2644
25.8114	-226.7672
25.8127	-227.2703
25.8143	-227.7737
25.8161	-228.2772
25.8180	-228.7808
25.8201	-229.2845
25.8221	-229.7882
25.8239	-230.2917
25.8256	-230.7951
25.8268	-231.2982
25.8277	-231.8010
25.8282	-232.3034
25.8282	-232.8053
25.8278	-233.3068
25.8270	-233.8076
25.8261	-234.3079
25.8251	-234.8077
25.8242	-235.3068
25.8235	-235.8054
25.8232	-236.3034
25.8234	-236.8010
25.8242	-237.2981
25.8257	-237.7948
25.8279	-238.2913
25.8306	-238.7876
25.8338	-239.2839
25.8373	-239.7801
25.8410	-240.2766
25.8444	-240.7733
25.8476	-241.2703
25.8501	-241.7679
25.8518	-242.2660
25.8527	-242.7649
25.8525	-243.2645
25.8514	-243.7649
25.8494	-244.2661
25.8466	-244.7682
25.8435	-245.2713
25.8401	-245.7751
25.8370	-246.2798
25.8344	-246.7852
25.8326	-247.2912
25.8320	-247.7978
25.8327	-248.3048
25.8349	-248.8120
25.8385	-249.3193
25.8435	-249.8266
25.8495	-250.3335
25.8562	-250.8401
25.8632	-251.3459
25.8700	-251.8511
25.8761	-252.3552
25.8809	-252.8583
25.8840	-253.3601
25.8852	-253.8606
25.8842	-254.3598
25.8810	-254.8576
25.8758	-255.3540
25.8690	-255.8490
25.8610	-256.3428
25.8526	-256.8355
25.8444	-257.3272
25.8373	-257.8181
25.8321	-258.3086
25.8293	-258.7987
25.8296	-259.2889
25.8333	-259.7795
25.8403	-260.2707
25.8506	-260.7629
25.8636	-261.2564
25.8785	-261.7516
25.8943	-262.2486
25.9098	-262.7479
25.9237	-263.2494
25.9346	-263.7535
25.9413	-264.2602
25.9429	-264.7695
25.9386	-265.2813
25.9280	-265.7954
25.9115	-266.3115
25.8897	-266.8293
25.8640	-267.3481
25.8364	-267.8675
25.8092	-268.3866
25.7854	-268.9045
25.7685	-269.4203
25.7621	-269.9327
25.7701	-270.4406
25.7961	-270.9427
25.8440	-271.4374
25.9171	-271.9232
26.0185	-272.3985
26.1505	-272.8616
26.3151	-273.3108
26.5134	-273.7443
26.7460	-274.1603
27.0126	-274.5570
27.3125	-274.9326
27.6443	-275.2855
28.0060	-275.6139
28.3953	-275.9163
28.8096	-276.1910
29.2460	-276.4368
29.7017	-276.6524
30.1736	-276.8365
30.6587	-276.9883
31.1543	-277.1069
31.6574	-277.1916
32.1655	-277.2421
32.6758	-277.2580
33.1858	-277.2392
33.6930	-277.1860
34.1948	-277.0984
34.6887	-276.9771
35.1719	-276.8228
35.6417	-276.6361
36.0954	-276.4183
36.5301	-276.1703
36.9431	-275.8936
37.3316	-275.5894
37.6933	-275.2595
38.0258	-274.9052
38.3273	-274.5284
38.5965	-274.1308
38.8325	-273.7141
39.0350	-273.2801
39.2045	-272.8306
39.3421	-272.3674
39.4494	-271.8922
39.5287	-271.4066
39.5829	-270.9123
39.6151	-270.4108
39.6288	-269.9035
39.6278	-269.3918
39.6155	-268.8769
39.5957	-268.3599
39.5716	-267.8417
39.5460	-267.3233
39.5216	-266.8053
39.5001	-266.2885
39.4830	-265.7732
39.4712	-265.2600
39.4649	-264.7489
39.4640	-264.2403
39.4678	-263.7342
39.4756	-263.2306
39.4861	-262.7294
39.4983	-262.2305
39.5109	-261.7336
39.5227	-261.2386
39.5329	-260.7450
39.5406	-260.2528
39.5455	-259.7614
39.5472	-259.2706
39.5459	-258.7801
39.5418	-258.2896
39.5354	-257.7988
39.5273	-257.3074
39.5183	-256.8153
39.5090	-256.3221
39.5001	-255.8279
39.4923	-255.3324
39.4861	-254.8356
39.4817	-254.3374
39.4793	-253.8379
39.4789	-253.3371
39.4803	-252.8350
39.4832	-252.3317
39.4873	-251.8274
39.4920	-251.3222
39.4968	-250.8163
39.5014	-250.3098
39.5053	-249.8029
39.5081	-249.2958
39.5097	-248.7886
39.5099	-248.2816
39.5088	-247.7749
39.5064	-247.2685
39.5030	-246.7628
39.4988	-246.2576
39.4942	-245.7533
39.4894	-245.2497
39.4848	-244.7469
39.4808	-244.2451
39.4774	-243.7440
39.4749	-243.2438
39.4733	-242.7444
39.4727	-242.2457
39.4729	-241.7477
39.4739	-241.2502
39.4754	-240.7532
39.4771	-240.2565
39.4790	-239.7600
39.4807	-239.2637
39.4820	-238.7673
39.4829	-238.2709
39.4831	-237.7743
39.4827	-237.2774
39.4817	-236.7801
39.4801	-236.2823
39.4780	-235.7841
39.4755	-235.2853
39.4729	-234.7860
39.4702	-234.2861
39.4676	-233.7856
39.4653	-233.2846
39.4633	-232.7830
39.4617	-232.2810
39.4606	-231.7785
39.4600	-231.2757
39.4597	-230.7725
39.4598	-230.2691
39.4601	-229.7656
39.4605	-229.2620
39.4610	-228.7584
39.4613	-228.2548
39.4614	-227.7514
39.4613	-227.2481
39.4609	-226.7451
39.4601	-226.2424
39.4591	-225.7401
39.4578	-225.2381
39.4562	-224.7364
39.4546	-224.2352
39.4528	-223.7343
39.4511	-223.2339
39.4495	-222.7337
39.4480	-222.2339
39.4467	-221.7344
39.4456	-221.2352
39.4448	-220.7361
39.4442	-220.2372
39.4437	-219.7385
39.4435	-219.2398
39.4432	-218.7411
39.4431	-218.2423
39.4428	-217.7435
39.4425	-217.2446
39.4421	-216.7455
39.4415	-216.2462
39.4408	-215.7467
39.4398	-215.2469
39.4388	-214.7469
39.4376	-214.2467
39.4363	-213.7462
39.4349	-213.2455
39.4336	-212.7445
39.4322	-212.2433
39.4310	-211.7420
39.4299	-211.2404
39.4289	-210.7388
39.4281	-210.2370
39.4273	-209.7351
39.4267	-209.2332
39.4262	-208.7313
39.4258	-208.2294
39.4254	-207.7276
39.4249	-207.2258
39.4245	-206.7241
39.4239	-206.2226
39.4233	-205.7211
39.4225	-205.2198
39.4217	-204.7187
39.4207	-204.2176
39.4196	-203.7168
39.4184	-203.2160
39.4172	-202.7154
39.4160	-202.2150
39.4147	-201.7146
39.4136	-201.2143
39.4124	-200.7142
39.4114	-200.2140
39.4105	-199.7139
39.4097	-199.2139
39.4090	-198.7138
39.4084	-198.2138
39.4079	-197.7137
39.4074	-197.2136
39.4070	-196.7135
39.4065	-196.2133
39.4060	-195.7131
39.4054	-195.2128
39.4048	-194.7124
39.4040	-194.2120
39.4032	-193.7115
39.4022	-193.2110
39.4011	-192.7104
39.3999	-192.2098
39.3987	-191.7091
39.3975	-191.2084
39.3962	-190.7077
39.3950	-190.2069
39.3938	-189.7062
39.3927	-189.2054
39.3917	-188.7046
39.3908	-188.2039
39.3901	-187.7031
39.3895	-187.2023
39.3889	-186.7015
39.3885	-186.2008
39.3881	-185.7000
39.3877	-185.1991
39.3874	-184.6983
39.3870	-184.1975
39.3865	-183.6966
39.3859	-183.1957
39.3852	-182.6948
39.3843	-182.1938
39.3833	-181.6928
39.3822	-181.1918
39.3809	-180.6907
39.3796	-180.1896
39.3782	-179.6885
39.3767	-179.1874
39.3753	-178.6863
39.3740	-178.1852
39.3727	-177.6841
39.3716	-177.1831
39.3707	-176.6821
39.3699	-176.1811
39.3693	-175.6803
39.3688	-175.1795
39.3685	-174.6788
39.3683	-174.1782
39.3682	-173.6777
39.3681	-173.1774
39.3680	-172.6771
39.3677	-172.1770
39.3674	-171.6770
39.3668	-171.1771
39.3661	-170.6772
39.3651	-170.1775
39.3639	-169.6778
39.3625	-169.1781
39.3609	-168.6785
39.3592	-168.1788
39.3573	-167.6791
39.3555	-167.1794
39.3538	-166.6795
39.3521	-166.1795
39.3507	-165.6794
39.3496	-165.1791
39.3487	-164.6786
39.3481	-164.1779
39.3478	-163.6770
39.3478	-163.1759
39.3481	-162.6745
39.3485	-162.1729
39.3489	-161.6712
39.3494	-161.1692
39.3498	-160.6671
39.3499	-160.1648
39.3497	-159.6625
39.3492	-159.1601
39.3483	-158.6576
39.3470	-158.1552
39.3452	-157.6529
39.3431	-157.1507
39.3407	-156.6487
39.3381	-156.1469
39.3355	-155.6453
39.3329	-155.1440
39.3305	-154.6431
39.3285	-154.1424
39.3269	-153.6422
39.3259	-153.1423
39.3255	-152.6427
39.3256	-152.1435
39.3263	-151.6446
39.3275	-151.1460
39.3289	-150.6476
39.3306	-150.1494
39.3321	-149.6513
39.3334	-149.1533
39.3343	-148.6552
39.3345	-148.1570
39.3338	-147.6587
39.3324	-147.1601
39.3300	-146.6611
39.3269	-146.1618
39.3231	-145.6620
39.3192	-145.1618
39.3155	-144.6611
39.3126	-144.1598
39.3112	-143.6581
39.3121	-143.1560
39.3162	-142.6535
39.3246	-142.1508
39.3382	-141.6479
39.3581	-141.1452
39.3853	-140.6426
39.4210	-140.1406
39.4659	-139.6394
39.5211	-139.1392
39.5873	-138.6404
39.6652	-138.1434
39.7553	-137.6486
39.8582	-137.1563
39.9740	-136.6670
40.1030	-136.1811
40.2453	-135.6991
40.4008	-135.2215
40.5695	-134.7487
40.7510	-134.2811
40.9453	-133.8192
41.1520	-133.3634
41.3709	-132.9141
41.6017	-132.4717
41.8441	-132.0364
42.0979	-131.6086
42.3628	-131.1885
42.6385	-130.7762
42.9250	-130.3719
43.2219	-129.9757
43.5290	-129.5876
43.8461	-129.2075
44.1730	-128.8352
44.5093	-128.4707
44.8546	-128.1135
45.2086	-127.7636
45.5708	-127.4203
45.9406	-127.0834
46.3173	-126.7523
46.7003	-126.4264
47.0889	-126.1053
47.4822	-125.7882
47.8793	-125.4746
48.2794	-125.1636
48.6814	-124.8547
49.0847	-124.5471
49.4881	-124.2401
49.8908	-123.9330
50.2920	-123.6250
50.6909	-123.3155
51.0867	-123.0038
51.4787	-122.6893
51.8663	-122.3713
52.2489	-122.0493
52.6261	-121.7228
52.9975	-121.3913
53.3625	-121.0543
53.7211	-120.7116
54.0728	-120.3627
54.4176	-120.0076
54.7551	-119.6458
55.0854	-119.2774
55.4082	-118.9023
55.7236	-118.5203
56.0314	-118.1316
56.3316	-117.7361
56.6242	-117.3341
56.9093	-116.9257
57.1867	-116.5110
57.4567	-116.0902
57.7191	-115.6638
57.9741	-115.2318
58.2218	-114.7946
58.4622	-114.3524
58.6953	-113.9057
58.9214	-113.4547
59.1404	-112.9996
59.3524	-112.5409
59.5575	-112.0787
59.7556	-111.6134
59.9468	-111.1453
60.1309	-110.6745
60.3081	-110.2014
60.4780	-109.7261
60.6406	-109.2488
60.7958	-108.7697
60.9432	-108.2890
61.0828	-107.8067
61.2142	-107.3231
61.3373	-106.8382
61.4520	-106.3520
61.5579	-105.8647
61.6550	-105.3762
61.7433	-104.8868
61.8228	-104.3963
61.8935	-103.9048
61.9556	-103.4124
62.0093	-102.9190
62.0551	-102.4248
62.0932	-101.9296
62.1243	-101.4336
62.1489	-100.9368
62.1677	-100.4391
62.1813	-99.9407
62.1903	-99.4416
62.1956	-98.9418
62.1979	-98.4413
62.1977	-97.9404
62.1958	-97.4389
62.1926	-96.9369
62.1888	-96.4346
62.1848	-95.9320
62.1808	-95.4291
62.1772	-94.9261
62.1742	-94.4230
62.1717	-93.9199
62.1700	-93.4168
62.1690	-92.9137
62.1685	-92.4108
62.1684	-91.9081
62.1688	-91.4057
62.1692	-90.9034
62.1698	-90.4015
62.1702	-89.8998
62.1704	-89.3985
62.1704	-88.8975
62.1700	-88.3967
62.1691	-87.8963
62.1679	-87.3961
62.1664	-86.8962
62.1646	-86.3965
62.1625	-85.8969
62.1602	-85.3975
62.1580	-84.8982
62.1557	-84.3990
62.1535	-83.8998
62.1515	-83.4006
62.1497	-82.9014
62.1481	-82.4021
62.1468	-81.9027
62.1457	-81.4031
62.1449	-80.9034
62.1442	-80.4036
62.1436	-79.9035
62.1432	-79.4033
62.1427	-78.9029
62.1422	-78.4023
62.1416	-77.9015
62.1409	-77.4005
62.1401	-76.8994
62.1391	-76.3981
62.1379	-75.8968
62.1365	-75.3953
62.1350	-74.8938
62.1334	-74.3922
62.1318	-73.8907
62.1301	-73.3891
62.1284	-72.8875
62.1267	-72.3860
62.1251	-71.8846
62.1236	-71.3832
62.1222	-70.8820
62.1209	-70.3808
62.1198	-69.8798
62.1188	-69.3788
62.1178	-68.8780
62.1169	-68.3773
62.1161	-67.8767
62.1153	-67.3762
62.1144	-66.8758
62.1136	-66.3754
62.1127	-65.8751
62.1117	-65.3749
62.1106	-64.8747
62.1094	-64.3745
62.1081	-63.8743
62.1068	-63.3741
62.1054	-62.8739
62.1039	-62.3736
62.1025	-61.8733
62.1010	-61.3730
62.0995	-60.8726
62.0981	-60.3721
62.0967	-59.8716
62.0954	-59.3710
62.0941	-58.8704
62.0929	-58.3697
62.0918	-57.8689
62.0908	-57.3681
62.0898	-56.8673
62.0888	-56.3665
62.0879	-55.8657
62.0869	-55.3648
62.0859	-54.8640
62.0849	-54.3632
62.0839	-53.8624
62.0827	-53.3616
62.0816	-52.8608
62.0803	-52.3601
62.0790	-51.8594
62.0776	-51.3587
62.0763	-50.8581
62.0748	-50.3574
62.0734	-49.8568
62.0720	-49.3562
62.0706	-48.8557
62.0693	-48.3551
62.0680	-47.8545
62.0667	-47.3539
62.0656	-46.8532
62.0645	-46.3526
62.0634	-45.8519
62.0625	-45.3511
62.0615	-44.8504
62.0606	-44.3495
62.0596	-43.8487
62.0587	-43.3478
62.0577	-42.8468
62.0566	-42.3459
62.0555	-41.8449
62.0543	-41.3439
62.0530	-40.8428
62.0516	-40.3418
62.0502	-39.8408
62.0487	-39.3399
62.0472	-38.8390
62.0457	-38.3381
62.0442	-37.8373
62.0428	-37.3366
62.0414	-36.8359
62.0401	-36.3354
62.0389	-35.8349
62.0378	-35.3345
62.0367	-34.8342
62.0358	-34.3340
62.0350	-33.8338
62.0341	-33.3338
62.0333	-32.8337
62.0325	-32.3338
62.0317	-31.8338
62.0308	-31.3338
62.0298	-30.8339
62.0286	-30.3338
62.0274	-29.8338
62.0260	-29.3336
62.0245	-28.8334
62.0229	-28.3330
62.0212	-27.8326
62.0195	-27.3319
62.0178	-26.8312
62.0161	-26.3303
62.0145	-25.8292
62.0130	-25.3280
62.0116	-24.8266
62.0105	-24.3251
62.0095	-23.8235
62.0086	-23.3218
62.0079	-22.8200
62.0073	-22.3181
62.0068	-21.8162
62.0064	-21.3144
62.0059	-20.8126
62.0053	-20.3108
62.0045	-19.8092
62.0036	-19.3077
62.0025	-18.8063
62.0012	-18.3052
61.9996	-17.8042
61.9978	-17.3035
61.9959	-16.8030
61.9938	-16.3027
61.9917	-15.8027
61.9895	-15.3030
61.9875	-14.8034
61.9856	-14.3041
61.9839	-13.8049
61.9824	-13.3058
61.9813	-12.8069
61.9804	-12.3081
61.9799	-11.8092
61.9796	-11.3104
61.9795	-10.8114
61.9795	-10.3124
61.9796	-9.8131
61.9796	-9.3137
61.9795	-8.8140
61.9791	-8.3139
61.9784	-7.8136
61.9774	-7.3129
61.9759	-6.8118
61.9741	-6.3104
61.9718	-5.8086
61.9693	-5.3064
61.9665	-4.8039
61.9636	-4.3011
61.9607	-3.7981
61.9580	-3.2949
61.9555	-2.7915
61.9534	-2.2880
61.9518	-1.7846
61.9506	-1.2812
61.9501	-0.7780
61.9501	-0.2751
61.9506	0.2276
61.9514	0.7299
61.9525	1.2317
61.9537	1.7330
61.9547	2.2338
61.9555	2.7340
61.9558	3.2336
61.9556	3.7326
61.9545	4.2310
61.9527	4.7289
61.9501	5.2263
61.9467	5.7234
61.9427	6.2201
61.9382	6.7166
61.9335	7.2130
61.9289	7.7094
61.9246	8.2060
61.9209	8.7029
61.9182	9.2003
61.9166	9.6982
61.9164	10.1969
61.9175	10.6964
61.9200	11.1969
61.9236	11.6983
61.9280	12.2007
61.9327	12.7042
61.9371	13.2086
61.9401	13.7140
61.9409	14.2200
61.9383	14.7265
61.9309	15.2334
61.9174	15.7401
61.8963	16.2463
61.8659	16.7516
61.8249	17.2554
61.7716	17.7572
61.7045	18.2561
61.6222	18.7516
61.5235	19.2428
61.4071	19.7288
61.2721	20.2089
61.1175	20.6819
60.9428	21.1470
60.7474	21.6032
60.5311	22.0494
60.2937	22.4846
60.0355	22.9079
59.7566	23.3181
59.4576	23.7145
59.1389	24.0960
58.8014	24.4618
58.4459	24.8111
58.0733	25.1431
57.6847	25.4573
57.2812	25.7530
56.8639	26.0298
56.4341	26.2874
55.9928	26.5256
55.5413	26.7443
55.0808	26.9434
54.6123	27.1232
54.1369	27.2838
53.6557	27.4259
53.1696	27.5497
52.6795	27.6560
52.1861	27.7455
51.6902	27.8191
51.1925	27.8777
50.6934	27.9224
50.1933	27.9541
49.6927	27.9741
49.1919	27.9836
48.6910	27.9837
48.1903	27.9757
47.6897	27.9609
47.1893	27.9405
46.6893	27.9156
46.1894	27.8875
45.6897	27.8571
45.1901	27.8257
44.6906	27.7940
44.1910	27.7630
43.6914	27.7334
43.1916	27.7059
42.6917	27.6811
42.1915	27.6594
41.6912	27.6411
41.1907	27.6265
40.6900	27.6156
40.1892	27.6086
39.6883	27.6052
39.1873	27.6054
38.6863	27.6087
38.1853	27.6149
37.6844	27.6236
37.1835	27.6343
36.6828	27.6464
36.1822	27.6595
35.6817	27.6730
35.1813	27.6863
34.6810	27.6989
34.1807	27.7103
33.6805	27.7200
33.1803	27.7276
32.6800	27.7327
32.1797	27.7350
31.6793	27.7343
31.1788	27.7305
30.6783	27.7234
30.1776	27.7130
29.6768	27.6996
29.1760	27.6832
28.6751	27.6641
28.1743	27.6427
27.6735	27.6193
27.1728	27.5945
26.6722	27.5687
26.1717	27.5425
25.6714	27.5164
25.1713	27.4912
24.6712	27.4672
24.1714	27.4452
23.6716	27.4257
23.1718	27.4091
22.6720	27.3960
22.1722	27.3866
21.6722	27.3813
21.1721	27.3804
20.6718	27.3838
20.1712	27.3916
19.6705	27.4037
19.1696	27.4198
18.6685	27.4396
18.1673	27.4626
17.6661	27.4881
17.1649	27.5155
16.6637	27.5438
16.1628	27.5722
15.6620	27.5996
15.1615	27.6248
14.6613	27.6467
14.1614	27.6639
13.6617	27.6751
13.1623	27.6791
12.6632	27.6744
12.1643	27.6597
11.6657	27.6335
11.1676	27.5947
10.6701	27.5419
10.1736	27.4740
9.6786	27.3898
9.1856	27.2883
8.6954	27.1686
8.2092	27.0299
7.7281	26.8716
7.2535	26.6931
6.7870	26.4940
6.3304	26.2741
5.8856	26.0333
5.4546	25.7716
5.0395	25.4893
4.6423	25.1866
4.2651	24.8640
3.9096	24.5222
3.5775	24.1617
3.2703	23.7835
2.9889	23.3885
2.7343	22.9776
2.5067	22.5519
2.3061	22.1125
2.1320	21.6606
1.9836	21.1973
1.8597	20.7239
1.7587	20.2415
1.6787	19.7514
1.6176	19.2546
1.5730	18.7522
1.5427	18.2454
1.5242	17.7351
1.5152	17.2222
1.5133	16.7077
1.5165	16.1921
1.5229	15.6763
1.5309	15.1609
1.5393	14.6462
1.5469	14.1328
1.5530	13.6210
1.5572	13.1109
1.5593	12.6028
1.5593	12.0968
1.5574	11.5929
1.5540	11.0910
1.5494	10.5910
1.5443	10.0928
1.5389	9.5962
1.5339	9.1009
1.5296	8.6069
1.5263	8.1137
1.5241	7.6211
1.5233	7.1289
1.5237	6.6368
1.5254	6.1446
1.5280	5.6521
1.5313	5.1590
1.5351	4.6652
1.5391	4.1705
1.5430	3.6749
1.5465	3.1781
1.5494	2.6803
1.5515	2.1814
1.5527	1.6813
1.5531	1.1801
1.5526	0.6779
1.5514	0.1748
